camera_matrix:
- - 4382.010882529305
  - 0.0
  - 2230.0660515612426
- - 0.0
  - 4354.275733527352
  - 1715.4774433843165
- - 0.0
  - 0.0
  - 1.0
dist_coeff:
- - -0.6497044795262671
  - 0.7445250303111204
  - -0.011626894939974054
  - -0.019478885720711298
  - -0.8805883887535646
